Mode  Freq [Hz]   Mass_x [Kg]  Mass_x [%]  Mass_y [Kg]  Mass_y [%]  Mass_z [Kg]  Mass_z [%]
   8            0.00048589083  0.010022218   0.16104582 0.0022797302   0.03663271 3.3615166e-05   0.00054016
   9 0.00065277834 0.0063673808   0.10231668 0.00054527588   0.00876197 0.0058884423   0.09462068
  10 0.00071340497  0.013661693   0.21952811 0.0086516907   0.13902298  0.012221485   0.19638558
  11 0.00094358895 0.0004645608   0.00746497 3.7369623e-05   0.00060049  0.015346153   0.24659550
  12 0.0011270073 0.0031510581   0.05063398 0.0039656119   0.06372294 1.8027675e-05   0.00028968
  13   0.51016218    1.2034977  19.33886052 9.5783415e-09   0.00000015 1.6350238e-12   0.00000000
  14   0.57102355 9.1699966e-09   0.00000015   0.94773983  15.22911785 0.00083438139   0.01340757
  15    2.0455239     1.677279  26.95199566 8.1852328e-10   0.00000001 5.8423406e-10   0.00000001
  16    2.5683071 1.1008242e-08   0.00000018    1.4845912  23.85571829  0.088641208   1.42436497
  20    4.3765593 2.5741135e-07   0.00000414 0.00021500671   0.00345492    1.7366628  27.90622672
  27    10.892162  0.011489505   0.18462348 8.6872135e-06   0.00013959 7.7517885e-07   0.00001246
